MSE: 20901233.248610884
RMSE: 4571.786658256363
MAE: 2097.9568310499712
R2: 0.4068147856074984
Explained Variance: 0.40682292953430743
