MSE: 20176930.965485174
RMSE: 4491.873881297779
MAE: 2093.0889029035616
R2: 0.4273707690746201
Explained Variance: 0.42737789156689854
